% -------------------------------------------------------------------
%  Generated by MATLAB on 8-Dec-2020 21:20:28
%  MATLAB version: 9.9.0.1495850 (R2020b) Update 1
% -------------------------------------------------------------------
                                

b = 50;

k1 = 100;

k2 = 200;

m1 = 300;

m2 = 100;

