b=50;
k1=100;
k2=50;
m1=500;
m2=100;